5.893974877427566325e-04
3.670541258639753966e-03
1.928534390835202200e-02
1.123987345399829890e-01
4.732492928668400323e-01
1.480970434575448635e+00
3.100027357687696661e+00
6.123804747451600861e+00
1.089456923957265033e+01
1.810159453400309459e+01
2.904261342024179982e+01
4.488089120944479760e+01
6.395396874553664190e+01
7.856439310907366291e+01
8.143171926852751596e+01
7.748587215229505887e+01
7.827875867206665816e+01
7.762899507304004487e+01
7.674089108532612613e+01
7.725350219115534856e+01
