3.627870081682736149e-04
2.078613099321315483e-03
1.561357184840480097e-02
4.676211254262777756e-02
2.653988048580133152e-01
4.841319664776023157e-01
8.762766371329911985e-01
1.195637707328761845e+00
1.327445133887833695e+00
1.326745572792215722e+00
1.614318547713448071e+00
1.492893703267859085e+00
1.489293474915004634e+00
2.032107499420673147e+00
1.660295626017709081e+00
1.604586564548780903e+00
1.606011355670443619e+00
1.920615628473863579e+00
1.584006808949159240e+00
1.731342949985499757e+00
