4.038799085590418577e-04
2.676984804417198958e-03
7.677115594116316888e-03
5.463585839220709561e-02
2.119332943721351781e-01
6.529574751938844734e-01
1.068653422652253271e+00
1.552011378813997311e+00
2.118355016664302148e+00
2.250760274679778128e+00
3.085615271730813625e+00
3.384090735442685904e+00
3.711200224942931669e+00
4.094825848342397379e+00
4.916289591394532366e+00
4.841383631033141732e+00
5.664156075633957066e+00
5.636691208092099892e+00
5.196858246338400100e+00
5.517014787951871391e+00
