1.301720264319842502e-01
7.448624753057454528e-01
4.059072235496110181e+00
2.003432769063851282e+01
7.592771497321146512e+01
1.551312283738089661e+02
1.937566238577210243e+02
1.977831776572952833e+02
1.977891452786832929e+02
1.977108595884164401e+02
1.978076643501349281e+02
1.976473870582548784e+02
1.976714350628811872e+02
1.978470837910298883e+02
1.978046650405507307e+02
1.977656949513765312e+02
1.978073136093113931e+02
1.978077133057093420e+02
1.977113681269243841e+02
1.977972802168952455e+02
