3.270100966793370906e-04
1.792008845791978871e-03
5.998665739476939131e-03
4.123864878746167500e-02
1.613301399797532898e-01
2.764817308482702685e-01
3.436271406739839773e-01
3.368110245286553561e-01
6.260093716441458289e-01
4.745028121234936003e-01
5.394597855709860612e-01
6.413389576174353124e-01
7.709276429896058103e-01
8.538822190959041158e-01
1.133151684129273029e+00
8.810507587297629062e-01
1.508577343891307931e+00
1.033623525358680517e+00
1.271763744955236142e+00
1.039326027821550591e+00
