3.926859240681943443e-04
3.287944632018649765e-03
1.190164984270260240e-02
3.992324933734212739e-02
1.321301771013146942e-01
1.888624600867361836e-01
2.213388349480041317e-01
2.285667656410789450e-01
1.887842983955863030e-01
1.941734640568872905e-01
2.476521319950179822e-01
2.667126008745156485e-01
2.066613240635796489e-01
2.491433015632695258e-01
2.694334136123286427e-01
1.991384649000626228e-01
2.029580310895747197e-01
2.143567448234559858e-01
2.071684237370864379e-01
1.510302547782474414e-01
