2.847976501979316731e-04
1.493664718429646952e-03
9.932829652553992403e-03
3.362998323675178008e-02
1.863392669862691531e-01
2.788512430431504541e-01
4.407770911608112629e-01
5.543880475505340577e-01
5.610639707515883146e-01
7.157748688760514622e-01
6.108059201068224420e-01
6.576199045460334736e-01
6.015959491726756703e-01
9.873654399038774843e-01
8.782116819913482475e-01
6.822806132082080977e-01
6.296133153486296319e-01
7.390128441281318405e-01
6.541061948658982717e-01
5.915842600026314235e-01
