3.151766652025994033e-04
2.041656315215988494e-03
8.925741550202695093e-03
4.608396004159706627e-02
1.501596127024044658e-01
1.759939119004591823e-01
2.216561872546199408e-01
2.535017106529621755e-01
4.648396012116546849e-01
8.938679806876452805e-01
1.011812312182485574e+00
1.726230487103012967e+00
2.933990355417754436e+00
2.612943500822888065e+00
3.466947851985448636e+00
4.061848715186746617e+00
3.354979013378780017e+00
3.993517420240930260e+00
2.616803181283588131e+00
2.907735713516192089e+00
