1.000000000000000021e-02
2.636650898730358294e-02
6.951927961775605791e-02
1.832980710832435578e-01
4.832930238571752080e-01
1.274274985703133467e+00
3.359818286283780875e+00
8.858667904100823165e+00
2.335721469090121261e+01
6.158482110660260389e+01
1.623776739188720910e+02
4.281332398719395655e+02
1.128837891684688429e+03
2.976351441631313264e+03
7.847599703514606517e+03
2.069138081114790111e+04
5.455594781168514601e+04
1.438449888287660142e+05
3.792690190732246265e+05
1.000000000000000000e+06
